203.7827454 173.0578156 0 0 0
196.3080597 175.9990234 0 0 0
205.5394592 174.6393280 0 0 0
203.1870117 180.5070190 0 0 0
203.2648163 178.7224884 0 0 0
215.6051941 181.0070648 0 0 0
209.7238159 179.3060455 0 0 0
213.6625671 180.7955475 0 0 0
208.9643555 177.9453278 0 0 0
216.8382874 175.0731201 1 0 0
218.8214111 173.8943329 0 0 0
211.5313110 180.4776154 0 0 0
215.2591248 176.3910217 0 0 0
221.6647491 178.2592010 0 0 0
224.8525085 179.6809540 0 0 0
214.8079224 182.6932220 0 0 0
225.2981415 186.6477661 0 0 0
228.7173615 183.6213837 1 0 0
222.6997528 177.9146271 0 0 0
223.9230957 178.7980347 0 0 0
220.4543915 178.4285889 0 0 0
234.9740448 184.3900299 0 0 0
227.9197845 179.3988647 0 0 0
228.1357727 183.1248932 0 0 0
239.6265106 188.5033112 0 0 0
234.8467407 179.6529083 0 0 0
229.6533813 183.9879456 0 0 0
239.9224091 190.1848755 0 0 0
240.8766937 181.2264252 0 0 0
231.4874115 182.9243164 0 0 0
243.1266022 181.8700409 0 0 0
243.8279419 183.6946411 0 0 0
241.9217987 192.5477753 0 0 0
238.8144379 191.9706879 1 0 0
250.2456055 186.5177155 0 0 0
242.2899628 188.7975311 0 0 0
251.9618073 192.3671722 0 0 0
244.7542267 192.2672729 0 0 0
76.0878296 187.1746674 0 0 0
72.2270355 196.8514404 0 0 0
70.6509705 186.1241302 0 0 0
77.5072937 188.4673004 0 0 0
73.9843979 190.7577362 0 0 0
83.1010437 194.1655121 0 0 0
78.9213867 194.4823761 0 0 0
85.5262451 192.2496033 0 0 0
73.1964340 193.0476685 0 0 0
76.4432755 196.0581055 0 0 0
87.6371307 199.9932404 0 0 0
91.2204132 196.9243774 0 0 0
87.6882324 201.0455475 1 0 0
79.3556213 193.6065674 0 0 0
90.6051483 191.6118317 0 0 0
90.8709412 199.1751251 0 0 0
95.9874649 194.3637848 0 0 0
95.9715118 202.4687195 0 0 0
99.9205170 191.9395447 0 0 0
96.7731171 202.3055420 0 0 0
100.8466415 195.5378418 1 0 0
103.5944443 201.1506348 0 0 0
92.3608627 194.0646820 1 0 0
96.2874146 201.3686981 1 0 0
100.4947281 205.1210938 0 0 0
95.2994156 196.0941620 0 0 0
110.6227951 204.8850403 0 0 0
101.6207275 204.5566101 0 0 0
111.9830170 207.4454498 0 0 0
111.5075760 200.9601135 0 0 0
111.8998413 201.7764893 0 0 0
116.8156738 207.2204590 0 0 0
107.1216888 206.9246368 0 0 0
115.0234528 199.4794159 0 0 0
108.3085632 199.4941559 0 0 0
112.4660797 208.9006500 0 0 0
113.5170517 200.7654724 0 0 0
116.0490265 203.2532959 0 0 0
111.6554947 210.1698456 0 0 0
122.6491547 201.7358246 0 0 0
117.1965103 203.9731598 0 0 0
129.6594543 209.8716125 0 0 0
123.0490570 209.2875671 0 0 0
122.5731277 208.6357727 0 0 0
131.3289185 208.5179291 0 0 0
132.2500000 208.7256470 0 0 0
127.8520813 214.5131378 0 0 0
137.4492188 203.5803833 0 0 0
131.5390320 204.5410614 0 0 0
127.4550858 207.8939056 0 0 0
128.4835968 206.2470856 0 0 0
129.0775299 208.4316864 0 0 0
142.3178253 205.4781799 0 0 0
136.0297089 213.4710541 0 0 0
143.5608673 212.7808075 0 0 0
142.6562042 206.6265259 0 0 0
143.0211182 212.9648132 0 0 0
140.2047882 218.7171478 0 0 0
141.8827362 216.9289551 0 0 0
148.3025208 216.1266479 0 0 0
141.9680176 219.4135742 0 0 0
149.0084229 218.4039764 0 0 0
143.7642822 219.0127106 0 0 0
155.8019257 210.0018921 0 0 0
151.1300659 220.1250916 1 0 0
159.0586853 221.7303162 0 0 0
154.2086029 221.0708313 0 0 0
165.0670013 215.0238495 0 0 0
153.9115448 212.8152466 0 0 0
161.3206177 219.1820984 0 0 0
160.4228058 215.1716766 0 0 0
162.8224487 216.6355438 0 0 0
166.5312195 216.4327393 0 0 0
160.3368530 220.7143250 0 0 0
162.1817932 216.7017059 0 0 0
160.0021973 224.6887207 0 0 0
165.4878693 215.1355286 0 0 0
164.4255066 224.6277161 1 0 0
163.5310974 221.5053864 0 0 0
176.3714905 224.3037720 1 0 0
173.6298676 227.3134613 0 0 0
177.3435211 222.5134735 0 0 0
174.3391876 223.7521210 0 0 0
182.8620758 222.2459259 0 0 0
181.3084717 225.5185699 0 0 0
181.9234009 219.6488342 0 0 0
182.1852875 221.4042206 0 0 0
180.1311798 221.1783447 0 0 0
179.1337433 227.1903229 0 0 0
178.1758728 220.2061768 0 0 0
191.0997620 226.1624908 0 0 0
183.8350525 224.1765442 0 0 0
186.8182068 222.0382538 0 0 0
186.3632812 228.6629333 0 0 0
191.6419220 228.7611542 0 0 0
199.1257019 233.8733368 0 0 0
202.6166992 231.9705200 0 0 0
197.5395508 228.7778778 0 0 0
190.8246613 232.4925385 0 0 0
194.8596039 228.6136017 0 0 0
197.8593750 229.4303589 0 0 0
206.0599670 227.5161896 0 0 0
198.3826599 233.8306732 0 0 0
208.0339813 235.9907227 0 0 0
209.0791016 234.0271301 1 0 0
210.5597687 229.2923126 0 0 0
201.8824158 227.0313416 0 0 0
204.9329681 234.1405334 0 0 0
204.2324219 229.3273468 0 0 0
205.9020538 239.9086761 0 0 0
219.1780090 231.5881958 1 0 0
213.5007477 229.1686401 0 0 0
223.5129395 231.6865082 0 0 0
212.5938110 237.5648193 0 0 0
220.7089691 239.4069824 0 0 0
225.4260712 239.0869904 0 0 0
215.2599030 236.9944763 0 0 0
222.1694489 234.3123474 0 0 0
218.1450806 236.5906982 0 0 0
222.4510193 232.6282501 0 0 0
227.4615936 233.2098846 0 0 0
233.0454102 233.3308258 0 0 0
231.8712311 244.6940460 0 0 0
225.3951111 245.3258514 1 0 0
231.3485718 244.5608978 0 0 0
239.3416595 241.3964539 0 0 0
225.8160095 236.3338776 0 0 0
240.4010925 241.2189941 0 0 0
237.5852356 247.2796783 0 0 0
235.1732178 237.9227753 0 0 0
234.1289062 242.0249176 1 0 0
240.8953857 242.5713959 0 0 0
237.5507202 246.7570343 0 0 0
240.9113312 247.9473267 0 0 0
240.1956482 239.1141357 0 0 0
251.7718506 247.9680023 1 0 0
246.2195892 247.9819946 0 0 0
253.9084625 240.4371643 1 0 0
256.4995117 247.6983337 0 0 0
77.5908051 245.1736755 0 0 0
70.4276581 241.1471405 0 0 0
77.4988403 251.2908478 0 0 0
81.1265488 248.3853149 0 0 0
81.5002518 247.1233978 0 0 0
83.2421646 246.2932434 1 0 0
78.9624100 248.4093628 0 0 0
71.6151733 250.7891541 0 0 0
74.8703156 249.4180908 0 0 0
82.4141617 250.8654785 0 0 0
76.4619904 246.2145386 0 0 0
90.1505508 247.6198120 0 0 0
78.1537628 253.7057648 0 0 0
91.4336243 252.0626068 0 0 0
95.4441605 246.9846497 0 0 0
90.5945587 251.2570801 1 0 0
92.9580765 255.3200226 0 0 0
85.1757660 249.8472900 0 0 0
98.5112915 252.3889465 0 0 0
93.3726273 255.6678162 0 0 0
100.0409546 255.5507050 0 0 0
96.8388672 258.4977722 0 0 0
91.4663086 258.5897827 0 0 0
104.8941193 260.5571899 0 0 0
97.0239182 256.9232483 0 0 0
105.9774780 254.5681610 0 0 0
111.3195953 262.2900391 0 0 0
97.3207932 260.6157532 0 0 0
114.3244019 253.8590240 0 0 0
112.1306458 261.1480103 0 0 0
110.7655258 263.1044617 0 0 0
113.1793365 252.7470398 0 0 0
107.8023758 261.0962524 1 0 0
118.5416336 258.2734985 0 0 0
113.6349030 265.6210938 0 0 0
119.3124771 260.1461487 0 0 0
114.6337814 260.2410889 0 0 0
110.4721985 263.3895569 0 0 0
111.8073578 266.5354919 0 0 0
122.6823578 258.1000061 0 0 0
122.8968811 262.8287659 0 0 0
120.6118088 259.7163086 0 0 0
126.0970001 266.2329407 0 0 0
124.5116577 264.3978882 0 0 0
121.3784256 262.2650757 1 0 0
130.0795288 268.4107361 0 0 0
125.6049423 266.1856689 0 0 0
137.2680511 263.2098083 0 0 0
132.0991058 261.0286865 0 0 0
137.5174103 266.3895264 0 0 0
132.0437622 267.5494080 0 0 0
128.9964600 261.3237305 0 0 0
132.0587311 265.5038452 0 0 0
144.7834015 269.6931458 0 0 0
139.5270538 268.3279724 0 0 0
135.4929047 265.6036987 1 0 0
146.6979980 266.8207397 0 0 0
151.7319946 272.2617798 0 0 0
144.3286133 274.4851990 0 0 0
148.8201141 264.5522461 0 0 0
149.5805511 268.0816040 0 0 0
148.5924072 276.0001221 0 0 0
155.1132660 274.3752747 0 0 0
150.6704254 266.8498535 0 0 0
146.7925262 268.3404846 0 0 0
150.4392853 270.0101624 1 0 0
158.1310883 275.8701477 0 0 0
155.0706024 275.7442627 0 0 0
160.5645752 275.7197876 0 0 0
166.2568054 274.8581543 1 0 0
163.8853149 271.5545349 0 0 0
164.9318848 276.1675720 0 0 0
170.6060486 272.0322571 0 0 0
163.0952301 273.7572327 0 0 0
165.7678375 279.3707886 0 0 0
162.9383240 281.4542847 0 0 0
175.6629944 273.2861633 0 0 0
173.8271484 278.5422668 0 0 0
169.1601868 276.0776672 0 0 0
169.2887573 276.5362549 0 0 0
177.7955322 276.4476929 0 0 0
176.9885254 280.3030090 0 0 0
169.5079956 278.9118042 0 0 0
182.7736969 284.4890747 1 0 0
171.8677521 284.8396301 0 0 0
185.2213440 284.5610046 0 0 0
173.8612976 284.8126831 0 0 0
181.6981201 285.3049622 0 0 0
182.7671661 286.5406799 0 0 0
186.8045502 276.8589478 0 0 0
192.3844757 286.5975952 0 0 0
193.1522369 285.7674561 0 0 0
192.8276672 282.1770935 0 0 0
184.7831573 282.6397095 0 0 0
198.3340149 279.4555054 0 0 0
191.1205750 281.3016968 0 0 0
193.9880066 284.4641113 0 0 0
202.1881256 283.2856750 0 0 0
191.0053253 285.1351929 0 0 0
199.9374084 288.6791992 0 0 0
207.1560364 289.8834229 0 0 0
193.8486633 284.2052307 0 0 0
200.1527252 283.2047729 0 0 0
203.5860901 286.4433594 1 0 0
199.2975464 288.8685608 0 0 0
213.3054657 284.8233643 0 0 0
206.3688812 292.7557983 0 0 0
205.3411713 289.9447632 0 0 0
204.7451324 290.8731995 0 0 0
215.3061523 290.3708496 0 0 0
215.9411011 289.9292603 0 0 0
214.2551727 289.8439941 0 0 0
213.2211151 286.6967773 0 0 0
210.4057617 295.3290710 1 0 0
224.6734467 288.6353455 1 0 0
214.9882507 292.9744263 0 0 0
227.0820465 292.4427490 0 0 0
216.1565704 294.4204102 0 0 0
229.1766663 293.8433228 0 0 0
217.4821320 290.4247437 0 0 0
226.2818756 289.4836121 0 0 0
225.3869781 299.0091248 0 0 0
228.1303864 298.8184204 0 0 0
234.9784088 295.7283020 0 0 0
235.5552521 300.8130188 0 0 0
228.0820312 294.7916870 0 0 0
228.0084534 299.6767883 1 0 0
238.8771210 302.0243530 0 0 0
232.3135986 298.1498108 0 0 0
235.3538818 298.6541748 0 0 0
243.7791138 294.6382446 0 0 0
242.9467163 301.0743103 0 0 0
233.7703247 300.1793518 0 0 0
246.0037689 294.5626831 0 0 0
245.0678711 301.3477783 0 0 0
245.3683319 297.0048218 0 0 0
253.7735291 296.2999268 0 0 0
248.1831818 302.3748779 0 0 0
246.2955933 299.6407471 1 0 0
64.4292755 301.6492004 0 0 0
79.1642609 296.2555542 0 0 0
79.9442215 299.4344482 1 0 0
70.5798416 301.1337891 0 0 0
72.5639420 304.3672485 0 0 0
72.3526688 308.0214844 0 0 0
85.3864288 308.8342285 0 0 0
86.1087799 309.0045776 0 0 0
78.7258987 299.2166443 0 0 0
84.1134338 304.3244324 1 0 0
84.3933868 302.2154236 0 0 0
90.9796829 309.3454895 0 0 0
85.6178589 302.3533020 0 0 0
85.0935898 304.1764221 0 0 0
90.4703751 302.9826355 1 0 0
95.0107117 309.4626465 0 0 0
91.7573547 310.5280457 0 0 0
96.0496368 305.7807922 0 0 0
86.6676712 313.8073730 0 0 0
94.5196304 312.4949036 1 0 0
103.0879211 313.5625305 1 0 0
95.4955673 305.2050476 0 0 0
100.3025131 310.2937927 0 0 0
106.7696686 315.7260437 0 0 0
101.9337387 311.6793518 1 0 0
94.5718536 317.1811829 0 0 0
96.2737274 308.6878357 0 0 0
105.8859940 317.9712830 0 0 0
101.8000946 318.5544128 0 0 0
101.6332550 308.4167175 0 0 0
101.4703217 317.4961853 0 0 0
106.7416382 315.4043884 0 0 0
104.5146790 312.9731140 0 0 0
107.0573959 319.7886047 0 0 0
116.7717133 312.8956299 0 0 0
123.3096695 319.2104797 0 0 0
120.2135468 311.9634094 0 0 0
114.7667618 315.7908630 0 0 0
117.1458969 311.8093872 0 0 0
119.9850082 314.4283142 0 0 0
114.6715317 312.2775574 0 0 0
126.9757767 313.6209412 0 0 0
128.3363342 322.5158386 0 0 0
130.3780518 313.3676758 0 0 0
124.4776382 321.1053162 0 0 0
124.6526108 318.2704468 0 0 0
136.6472778 318.6788635 0 0 0
134.0711823 314.9705811 0 0 0
132.5502930 318.8837585 0 0 0
126.2011414 315.9980164 0 0 0
140.3194122 316.6616821 0 0 0
137.8497620 323.4903259 0 0 0
136.5002747 327.0878296 0 0 0
142.8600006 320.5625610 0 0 0
147.0018921 318.0086060 0 0 0
147.8980713 321.8693848 0 0 0
146.3347015 327.8678284 0 0 0
145.3240814 328.5875244 0 0 0
137.8142548 328.9622498 0 0 0
143.4654694 329.1868286 0 0 0
144.0056763 328.4185791 0 0 0
148.0796967 322.4320068 0 0 0
154.5087585 326.8970642 0 0 0
154.5020752 329.5489807 1 0 0
157.3065186 328.9473572 0 0 0
157.9639282 332.9509583 0 0 0
162.2176361 325.5434570 0 0 0
153.7604980 333.8018494 0 0 0
160.6011963 331.1167908 0 0 0
157.4381714 328.5005798 1 0 0
164.3008575 324.8706665 0 0 0
169.8710022 325.4405823 0 0 0
162.9109955 325.8435059 0 0 0
157.0828400 326.5925293 0 0 0
173.7885895 333.5156555 0 0 0
171.8780518 328.0861206 1 0 0
163.8345032 337.3201294 0 0 0
167.8103638 338.5422974 0 0 0
165.9076385 333.6188965 0 0 0
179.7558746 333.9082947 0 0 0
177.8179932 330.1391907 0 0 0
175.2970734 339.5065002 0 0 0
176.2157135 339.9559326 0 0 0
183.3806458 330.3697815 0 0 0
